SmallUtilities.ModifiedExplosionPotential
{
	baseExplosiveness = 0.1
	updateInterval = 1.00
	CarbonDioxide = 1.951E-06
	Chemicals = 0.0025
	Food = 0.0002810291
	Hydrates = 0.0015
	Hydrogen = 8.99E-08
	Karbonite = 0.0025
	Karborundum = 0.0058
	LqdCO2 = 0.00117325
	LqdCO = 0.00079
	Metals = 0.0078
	Minerals = 0.0027
	MetallicOre = 0.0055
	Organics = 0.001
	Oxygen = 1.41E-06
	Polymers = 0.00104
	Rock = 5E-05
	RocketParts = 0.0025
	SpareParts = 0.00378
	Substrate = 0.0016
	Uraninite = 0.0075
	Waste = 0.00075
	WasteWater = 0.001005
	Water = 0.001
	ArgonGas = 1.784E-06
	Boron = 0.00246
	DepletedUranium = 0.01097
	EnrichedUranium = 0.01097
	LqdHydrogen = 7.085E-05
	StoredCharge = 0
	Actinides = 0.01097
	Aluminium = 0.00277
	Alumina = 0.00398
	Antimatter = 1E-09
	ChargedParticles = 0
	DepletedFuel = 0.01097
	ExoticMatter = 0
	Fluorine = 1.696E-06
	IntakeAtm = 0.005
	KryptonGas = 3.749E-06
	NeonGas = 9.002E-07
	Lithium = 0.000534
	LqdAmmonia = 0.0007021
	LqdDeuterium = 8.6E-05
	LqdHe3 = 0.0001786
	LqdHelium = 0.0001786
	LqdTritium = 0.000133
	LqdNitrogen = 0.000824907
	Megajoules = 0
	Plutonium-238 = 0.019816
	ThF4 = 0.011724
	ThermalPower = 0
	UraniumNitride = 0.0113
	VacuumPlasma = 0.005
	WasteHeat = 0
	Aerozine50 = 0.0009
	AK20 = 0.001499
	AK27 = 0.001494
	Aniline = 0.00102
	AvGas = 0.000719
	CaveaB = 0.001501
	ClF3 = 0.00177
	ClF5 = 0.0019
	Diborane = 0.000421
	Ethane = 0.000544
	Ethanol75 = 0.000789
	Ethylene = 0.000568
	FLOX30 = 0.0012517
	FLOX70 = 0.0013993
	FLOX88 = 0.0014657
	Furfuryl = 0.00113
	Helium = 1.786E-07
	HNIW = 0.002044
	HTP = 0.001431
	HTPB = 0.00177
	Hydrazine = 0.001004
	Hydyne = 0.00086
	IRFNA-III = 0.001658
	IRFNA-IV = 0.001995
	IWFNA = 0.001513
	Kerosene = 0.00082
	LeadBallast = 0.01134
	LqdFluorine = 0.001505
	LqdMethane = 0.00042561
	LqdOxygen = 0.001141
	Methane = 7.17E-07
	Methanol = 0.0007918
	MMH = 0.00088
	MON1 = 0.001429
	MON10 = 0.001407
	MON15 = 0.001397
	MON20 = 0.00138
	MON3 = 0.001423
	NGNC = 0.0016
	N2F4 = 0.001604
	Nitrogen = 1.251E-06
	NitrousOxide = 1.96E-06
	NTO = 0.00145
	OF2 = 0.0019
	PBAN = 0.001772
	Pentaborane = 0.000618
	PSPC = 0.00174
	Syntin = 0.000851
	TEATEB = 0.00070031
	Tonka250 = 0.000873
	Tonka500 = 0.000811
	UDMH = 0.000791
	UH25 = 0.000829
	Resolution = 1E-10
	LiquidFuel = 0.005
	Oxidizer = 0.005
	SolidFuel = 0.0075
	MonoPropellant = 0.004
	XenonGas = 0.0001
	ElectricCharge = 0
	IntakeAir = 0.005
	EVA Propellant = 0
	Ore = 0.01
	Ablator = 0.001
	Machinery = 0.00378
	SpecializedParts = 0.00378
	RareMetals = 0.0078
	ExoticMinerals = 0.0025
	Recyclables = 0.00378
	Supplies = 0.001
	Mulch = 0.001
	Fertilizer = 0.001
	useToolbar = true
	useBlizzyToolbar = true
	EmptySpace = 0
	Ethanol = 0.000789
	Ethanol90 = 0.0008101
	MON25 = 0.00138
}
