
MM_VARS
{
	LitersPerCM = 1000
	FuelMassPerLiter = 1.1

	Squared = 2
	Cubed = 3

	PI = 3.14159265358979
	DiamToRadius = 0.5
	SphereRatio = 1.33333333333333

	CylinderTankUtil = 0.87
	SphereTankUtil = 0.92
	PillTankUtil = 0.92
}
