
MM_VARS
{
	LitersPerCM = 1000
	KgPerTon = 1000

	FuelMassPerLiter = 1.1
	SolidMassPerLiter = 2.1787

	Squared = 2
	Cubed = 3

	PI = 3.14159265358979
	Gravity = 9.81

	DiamToRadius = 0.5
	SphereRatio = 1.33333333333333

	CylinderTankUtil = 0.87
	SphereTankUtil = 0.92
	PillTankUtil = 0.92
	SolidFuelUtil = 0.46

	LowerTWR_12 = 21.1
	LowerTWR_18 = 23.2
	LowerTWR_25 = 25.5
	LowerTWR_37 = 28.1
	LowerTWR_50 = 30.9

	UpperTWR_03 = 17.4
	UpperTWR_06 = 21.1
	UpperTWR_12 = 23.2
	UpperTWR_18 = 25.5
	UpperTWR_25 = 28.1
	UpperTWR_37 = 30.9

	SolidTWR = 4
}
